{
    "counts": {
        "links_sna": 48,
        "nodes": 12,
        "ties_graph": 24
    },
    "dataset": {
        "filetype": 2,
        "name": "Stephenson_Zelen_Dunbar_Dunbar_Gelada_baboon_colony_H22a_IC.paj",
        "path": "src/data/Stephenson_Zelen_Dunbar_Dunbar_Gelada_baboon_colony_H22a_IC.paj"
    },
    "graph": {
        "directed": false,
        "weighted": true
    },
    "kernel": "walks_matrix",
    "load_report": {
        "fileType_signal": 2,
        "load_ms": 2,
        "load_msg": "",
        "net_name": "Dunbar&Dunbar_Gelada_baboon_colony_H22a",
        "ok": true
    },
    "run": {
        "considerWeights": true,
        "dropIsolates": false,
        "inverseWeights": true,
        "operation": "walks_matrix_exact_length",
        "walks_length": 6
    },
    "schema_version": 3,
    "walks": {
        "matrix": [
            [
                "2506808",
                "1573649",
                "8003444",
                "12377906",
                "8737398",
                "4505648",
                "1939673",
                "1383356",
                "118310",
                "4157839",
                "2200256",
                "1912456"
            ],
            [
                "1573649",
                "112530",
                "3509253",
                "2255055",
                "1568512",
                "2170443",
                "392084",
                "650705",
                "9680",
                "546656",
                "262218",
                "420739"
            ],
            [
                "8003444",
                "3509253",
                "15048144",
                "48922921",
                "18695757",
                "18261404",
                "4739248",
                "5768751",
                "292860",
                "13534381",
                "8468466",
                "5529872"
            ],
            [
                "12377906",
                "2255055",
                "48922921",
                "16973246",
                "27192298",
                "14411339",
                "7112635",
                "5580840",
                "319086",
                "7495925",
                "2299746",
                "5734853"
            ],
            [
                "8737398",
                "1568512",
                "18695757",
                "27192298",
                "11951514",
                "15797179",
                "2865178",
                "5597037",
                "106060",
                "6830030",
                "4135888",
                "3566612"
            ],
            [
                "4505648",
                "2170443",
                "18261404",
                "14411339",
                "15797179",
                "6178544",
                "3923129",
                "1979397",
                "243972",
                "5973852",
                "2499252",
                "3111072"
            ],
            [
                "1939673",
                "392084",
                "4739248",
                "7112635",
                "2865178",
                "3923129",
                "668586",
                "3139767",
                "23100",
                "1704175",
                "1056896",
                "877721"
            ],
            [
                "1383356",
                "650705",
                "5768751",
                "5580840",
                "5597037",
                "1979397",
                "3139767",
                "554450",
                "295848",
                "2976381",
                "996890",
                "1099060"
            ],
            [
                "118310",
                "9680",
                "292860",
                "319086",
                "106060",
                "243972",
                "23100",
                "295848",
                "0",
                "56860",
                "36860",
                "36542"
            ],
            [
                "4157839",
                "546656",
                "13534381",
                "7495925",
                "6830030",
                "5973852",
                "1704175",
                "2976381",
                "56860",
                "2276314",
                "990086",
                "1673907"
            ],
            [
                "2200256",
                "262218",
                "8468466",
                "2299746",
                "4135888",
                "2499252",
                "1056896",
                "996890",
                "36860",
                "990086",
                "260760",
                "906640"
            ],
            [
                "1912456",
                "420739",
                "5529872",
                "5734853",
                "3566612",
                "3111072",
                "877721",
                "1099060",
                "36542",
                "1673907",
                "906640",
                "941324"
            ]
        ],
        "nodes": [
            1,
            2,
            3,
            4,
            5,
            6,
            7,
            8,
            9,
            10,
            11,
            12
        ],
        "total_walks": "708582326"
    }
}
